activity_identifier,type,iso_date,narrative,narrative_lang
US-EIN-521257057-US-EIN-521257057,1,2022-10-01,,
US-EIN-521257057-US-EIN-521257057,3,2027-09-30,,
